10 100
Algorithm	Time (ms)
init-base	0.0000
init-1		0.0000
init-2		0.0000
init-3		0.0000
max-base	0.0000
max-1		  0.0000
max-2		  0.0000
max-3		  0.0000
hist-base	0.0000
hist-1		0.0000
hist-2		0.0000
hist-3		0.0000

max_base max_1	max_2	max_3
99	 99	 99	 99

hist:	14 7 12 10 11 9 5 8 13 11 
hist_1:	14 7 12 10 11 9 5 8 13 11 
hist_2:	14 7 12 10 11 9 5 8 13 11 
hist_3:	14 7 12 10 11 9 5 8 13 11 

10 1000
Algorithm	Time (ms)
init-base	0.0000
init-1		0.0000
init-2		0.0000
init-3		0.0000
max-base	0.0000
max-1		0.0000
max-2		0.0000
max-3		0.0000
hist-base	0.0000
hist-1		0.0000
hist-2		0.0000
hist-3		0.0000

max_base max_1	max_2	max_3
974	 974	 974	 974

hist:	8 13 11 13 11 9 8 10 12 5 
hist_1:	8 13 11 13 11 9 8 10 12 5 
hist_2:	8 13 11 13 11 9 8 10 12 5 
hist_3:	8 13 11 13 11 9 8 10 12 5 

100 100
Algorithm	Time (ms)
init-base	0.9999
init-1		12.0001
init-2		3.0000
init-3		4.9999
max-base	0.0000
max-1     0.0000
max-2		  0.0000
 max-3		0.0000
hist-base	0.0000
hist-1		0.0000
hist-2		0.0000
hist-3		0.0000

max_base max_1	max_2	max_3
99	 99	 99	 99

hist:	989 984 1039 926 989 1006 1040 1003 1016 1008 
hist_1:	989 984 1039 926 989 1006 1040 1003 1016 1008 
hist_2:	989 984 1039 926 989 1006 1040 1003 1016 1008 
hist_3:	989 984 1039 926 989 1006 1040 1003 1016 1008 

100 1000
Algorithm	Time (ms)
init-base	0.0000
init-1		3.9999
init-2		3.9999
init-3		6.0000
max-base	0.0000
 max-1		0.0000
 max-2		0.0000
 max-3		0.9999
hist-base	0.0000
hist-1		0.0000
hist-2		0.0000
hist-3		0.0000

max_base max_1	max_2	max_3
999	 999	 999	 999

hist:	975 1021 1026 1001 1024 991 959 1016 973 1014 
hist_1:	975 1021 1026 1001 1024 991 959 1016 973 1014 
hist_2:	975 1021 1026 1001 1024 991 959 1016 973 1014 
hist_3:	975 1021 1026 1001 1024 991 959 1016 973 1014 

1000 100
Algorithm	Time (ms)
init-base	25.0001
init-1		244.0000
init-2		257.9999
init-3		207.0000
max-base	5.0001
max-1		6.0000
max-2		0.9999
max-3		1.9999
hist-base	17.0002
hist-1		21.9998
hist-2		20.0000
hist-3		3.0000

max_base max_1	max_2	max_3
99	 99	 99	 99

hist:	99816 100029 99286 100077 99856 100373 99714 100173 100266 100410 
hist_1:	99816 100029 99286 100077 99856 100373 99714 100173 100266 100410 
hist_2:	99816 100029 99286 100077 99856 100373 99714 100173 100266 100410 
hist_3:	99816 100029 99286 100077 99856 100373 99714 100173 100266 100410 

1000 1000
Algorithm	Time (ms)
init-base	13.0000
init-1		236.0001
init-2		230.0000
init-3		424.0000
max-base	3.0000
max-1		3.9999
max-2		0.9999
max-3		0.0000
hist-base	8.0001
hist-1		10.0000
hist-2		0.9999
hist-3		1.9999

max_base max_1	max_2	max_3
999	 999	 999	 999

hist:	100122 99537 100324 99674 99544 100120 100384 100068 99800 100427 
hist_1:	100122 99537 100324 99674 99544 100120 100384 100068 99800 100427 
hist_2:	100122 99537 100324 99674 99544 100120 100384 100068 99800 100427 
hist_3:	100122 99537 100324 99674 99544 100120 100384 100068 99800 100427 

10000 100
Algorithm	Time (ms)
init-base	2177.0000  
init-1		17280.9999
init-2		17686.0001
init-3		35490.9999
max-base	697.0000
 max-1		385.9999
 max-2		105.0000
 max-3		76.9999
hist-base	715.0002
hist-1		786.9999
hist-2		170.0001
hist-3		188.9999

max_base max_1	max_2	max_3
99	 99	 99	 99

hist:	9998433 9996942 10000659 10002741 9995548 10001644 10003849 10001947 9998785 9999452 
hist_1:	9998433 9996942 10000659 10002741 9995548 10001644 10003849 10001947 9998785 9999452 
hist_2:	9998433 9996942 10000659 10002741 9995548 10001644 10003849 10001947 9998785 9999452 
hist_3:	9998433 9996942 10000659 10002741 9995548 10001644 10003849 10001947 9998785 9999452 

10000 1000
Algorithm	Time (ms)
init-base	1599.9999  
init-1		17243.0000
init-2		18946.0001
init-3		36763.0000
max-base	421.0000
 max-1		347.9998
 max-2		78.0001
 max-3		71.0001
hist-base	730.0000
hist-1		674.0000
hist-2		171.0000
hist-3		182.9998

max_base max_1	max_2	max_3
999	 999	 999	 999

hist:	9993921 9999960 9995051 10006047 9998641 9997631 10006855 10000232 10003366 9998296 
hist_1:	9993921 9999960 9995051 10006047 9998641 9997631 10006855 10000232 10003366 9998296 
hist_2:	9993921 9999960 9995051 10006047 9998641 9997631 10006855 10000232 10003366 9998296 
hist_3:	9993921 9999960 9995051 10006047 9998641 9997631 10006855 10000232 10003366 9998296 

10000 1000 10
Algorithm	Time (ms)
init-base	2674.0000  
init-1		20714.9999
init-2		18810.0002
init-3		40885.0000
max-base	546.9999
 max-1		400.0001
 max-2		69.0000
 max-3		53.0000
hist-base	1250.0000
hist-1		500.0000
hist-2		104.0001
hist-3		108.0000

max_base max_1	max_2	max_3
999	 999	 999	 999

hist:	9993921 9999960 9995051 10006047 9998641 9997631 10006855 10000232 10003366 9998296 
hist_1:	9993921 9999960 9995051 10006047 9998641 9997631 10006855 10000232 10003366 9998296 
hist_2:	9993921 9999960 9995051 10006047 9998641 9997631 10006855 10000232 10003366 9998296 
hist_3:	9993921 9999960 9995051 10006047 9998641 9997631 10006855 10000232 10003366 9998296 

static 4
Algorithm	Time (ms)
init-base	1667.0001
init-1		20426.9998
init-2		19998.0001
init-3		25256.0000
max-base	531.9998
 max-1		439.0001
 max-2		123.9998
 max-3		112.0002
hist-base	1083.9999
hist-1		957.9999
hist-2		255.0001
hist-3		266.0000   

max_base max_1	max_2	max_3
999	 999	 999	 999

hist:	9993921 9999960 9995051 10006047 9998641 9997631 10006855 10000232 10003366 9998296 
hist_1:	9993921 9999960 9995051 10006047 9998641 9997631 10006855 10000232 10003366 9998296 
hist_2:	9993921 9999960 9995051 10006047 9998641 9997631 10006855 10000232 10003366 9998296 
hist_3:	9993921 9999960 9995051 10006047 9998641 9997631 10006855 10000232 10003366 9998296 

static 64
Algorithm	Time (ms)
init-base	1718.0002
init-1		18166.9998
init-2		16650.0001
init-3		20789.0000
max-base	428.0000
 max-1		346.0000
 max-2		114.0001
 max-3		119.0000
hist-base	780.0000
hist-1		653.0001
hist-2		168.0000
hist-3		179.9998   

max_base max_1	max_2	max_3
999	 999	 999	 999

hist:	9993921 9999960 9995051 10006047 9998641 9997631 10006855 10000232 10003366 9998296 
hist_1:	9993921 9999960 9995051 10006047 9998641 9997631 10006855 10000232 10003366 9998296 
hist_2:	9993921 9999960 9995051 10006047 9998641 9997631 10006855 10000232 10003366 9998296 
hist_3:	9993921 9999960 9995051 10006047 9998641 9997631 10006855 10000232 10003366 9998296 

static 128
Algorithm	Time (ms)
init-base	1928.0000
init-1		18278.0001
init-2		17130.9998
init-3		19288.0001
max-base	428.0000
 max-1		384.0001
 max-2		101.0001
 max-3		110.9998
hist-base	755.0001
hist-1		1036.9999
hist-2		207.9999
hist-3		212.0001   

max_base max_1	max_2	max_3
999	 999	 999	 999

hist:	9993921 9999960 9995051 10006047 9998641 9997631 10006855 10000232 10003366 9998296 
hist_1:	9993921 9999960 9995051 10006047 9998641 9997631 10006855 10000232 10003366 9998296 
hist_2:	9993921 9999960 9995051 10006047 9998641 9997631 10006855 10000232 10003366 9998296 
hist_3:	9993921 9999960 9995051 10006047 9998641 9997631 10006855 10000232 10003366 9998296 
